Getiriler 
Tarih= Başlangıç= 2020-01-03  bitiş= 2025-10-22

Close(AAPL): 247.57%
MSFT: 222.29%
AMZN: 133.96%
NVDA: 2936.00%
META: 249.54%
GOOG: 267.62%
TSLA: 1443.24%
PEP: 12.78%
COST: 223.18%
AVGO: 967.90%
ADBE: 5.89%
NFLX: 276.38%
JPM: 110.57%
V: 80.21%
JNJ: 31.45%
UNH: 24.91%
XOM: 58.97%
NEE: 39.54%
WMT: 167.89%
NKE: -31.82%
CAT: 248.54%
LMT: 22.20%
ASML: 242.24%
TSM: 390.52%
GS: 223.91%
PFE: -33.23%
SBUX: -3.86%
AMD: 415.11%

En düşük  getiriye sahip   hisseler


| Sıra | Hisse    |  Getiri (%) |
| ---- | -------- | ----------: |
| 1    | **PFE**  | **-33.23%** |
| 2    | **NKE**  | **-31.82%** |
| 3    | **SBUX** |  **-3.86%** |
| 4    | **LMT**  |  **22.20%** |
| 5    | **UNH**  |  **24.91%** |

En yüksek getiriye sağip hisseler 

| Sıra | Hisse | Yüzde Değişim |
| ---- | ----- | ------------- |
| 1    | NVDA  | 2936.00%      |
| 2    | TSLA  | 1443.24%      |
| 3    | AVGO  | 967.90%       |
| 4    | AMD   | 415.11%       |
| 5    | TSM   | 390.52%       |







130825487 Volume Max değeri NVDA
1032022 Volume Min değeri  ASML
4526117866516 Marketcap Max değeri NVDA
97858498837 Marketcap Min değeri  SBUX
290.1 Pe Max değeri TSLA
13.14 Pe Min değeri  PFE
49.23 Eps Max değeri GS
1.5 Eps Min değeri  TSLA
7.63 Changepct Max değeri AMD
-3.4 Changepct Min değeri  TSLA
25932620000 Shares Max değeri TSM
231398000 Shares Min değeri  LMT
2.13 Beta Max değeri NVDA
0.28 Beta Min değeri  LMT

Corr:

          Date     Close      MSFT      AMZN      NVDA      META      GOOG  ...       LMT      ASML       TSM        GS       PFE      SBUX       AMD
Date   1.000000  0.924622  0.112215  0.054735  0.873563  0.081178  0.071783  ...  0.743193  0.710642  0.054774  0.082275 -0.524080  0.013689  0.709112
Close  0.924622  1.000000  0.922432  0.672756  0.847562  0.769603  0.908116  ...  0.672500  0.768465  0.821892  0.853327 -0.409302  0.126701  0.777733
MSFT   0.112215  0.922432  1.000000  0.759756  0.925476  0.883752  0.945162  ...  0.589998  0.824135  0.880422  0.894107 -0.551651  0.031487  0.871800
AMZN   0.054735  0.672756  0.759756  1.000000  0.781965  0.900705  0.801184  ...  0.184061  0.589285  0.870778  0.767027 -0.552869  0.121627  0.666371
NVDA   0.873563  0.847562  0.925476  0.781965  1.000000  0.940145  0.884040  ...  0.625793  0.640778  0.927508  0.912487 -0.695708 -0.112617  0.737506
META   0.081178  0.769603  0.883752  0.900705  0.940145  1.000000  0.868118  ...  0.424283  0.640931  0.932020  0.883085 -0.720032  0.041322  0.717901
GOOG   0.071783  0.908116  0.945162  0.801184  0.884040  0.868118  1.000000  ...  0.496637  0.821355  0.913384  0.924570 -0.437629  0.101355  0.826473
TSLA   0.048406  0.747145  0.649256  0.621116  0.529477  0.530785  0.752052  ...  0.213334  0.560351  0.687185  0.709606 -0.002064  0.293401  0.556301
PEP    0.072297  0.363520  0.202237 -0.282900 -0.029792 -0.196261  0.152348  ...  0.462519  0.404439 -0.107188  0.031837  0.363278  0.210554  0.293676
COST   0.938389  0.910363  0.930006  0.721849  0.945076  0.871802  0.880777  ...  0.682339  0.678409  0.858234  0.897227 -0.582192 -0.063609  0.714882
AVGO   0.863863  0.825459  0.905611  0.759160  0.971934  0.921131  0.882252  ...  0.567999  0.601569  0.931239  0.933218 -0.658843 -0.100185  0.696942
ADBE  -0.019477  0.191014  0.207626  0.334316 -0.017578  0.160140  0.225106  ... -0.172972  0.462360  0.074605 -0.003923  0.018594  0.468455  0.409661
NFLX   0.064127  0.633912  0.766619  0.872233  0.861481  0.936978  0.759866  ...  0.269508  0.496806  0.892814  0.847817 -0.675168  0.060131  0.566364
JPM    0.088868  0.824120  0.902212  0.810717  0.942448  0.943592  0.910817  ...  0.511508  0.682099  0.953091  0.973912 -0.603062  0.109202  0.697943
V      0.106030  0.827320  0.895831  0.787931  0.923584  0.931534  0.858340  ...  0.544984  0.641577  0.890822  0.915107 -0.674801  0.078236  0.655140
JNJ   -0.030297  0.287379  0.185769  0.017483  0.039185 -0.003119  0.301536  ...  0.152078  0.305349  0.208814  0.316695  0.490408  0.292560  0.211940
UNH    0.112332  0.551819  0.339354 -0.022573  0.164588  0.018177  0.329723  ...  0.579338  0.466128  0.083069  0.203644  0.166933  0.187147  0.342157
XOM    0.137358  0.777170  0.721708  0.194745  0.645459  0.447834  0.634614  ...  0.826788  0.605678  0.489821  0.636183 -0.302326 -0.028512  0.544497
NEE   -0.008218  0.174656  0.024733  0.087320 -0.036457 -0.071931  0.145357  ...  0.057215  0.205750  0.169465  0.192771  0.554209  0.376729  0.090002
WMT    0.087922  0.817847  0.855587  0.790474  0.954110  0.927284  0.838842  ...  0.570342  0.533090  0.917904  0.919906 -0.666207 -0.034765  0.596942
NKE   -0.608552 -0.418222 -0.475169 -0.270559 -0.670036 -0.520498 -0.367192  ... -0.608960 -0.060734 -0.427892 -0.453839  0.713815  0.596429 -0.199648
CAT    0.088749  0.889968  0.934796  0.712315  0.930452  0.867163  0.907133  ...  0.675164  0.765727  0.901783  0.914214 -0.587575  0.056574  0.798924
LMT    0.743193  0.672500  0.589998  0.184061  0.625793  0.424283  0.496637  ...  1.000000  0.413066  0.452404  0.530885 -0.359007 -0.151867  0.424918
ASML   0.710642  0.768465  0.824135  0.589285  0.640778  0.640931  0.821355  ...  0.413066  1.000000  0.688408  0.694932 -0.253811  0.296045  0.860366
TSM    0.054774  0.821892  0.880422  0.870778  0.927508  0.932020  0.913384  ...  0.452404  0.688408  1.000000  0.943836 -0.550055  0.085755  0.745005
GS     0.082275  0.853327  0.894107  0.767027  0.912487  0.883085  0.924570  ...  0.530885  0.694932  0.943836  1.000000 -0.467156  0.138537  0.685591
PFE   -0.524080 -0.409302 -0.551651 -0.552869 -0.695708 -0.720032 -0.437629  ... -0.359007 -0.253811 -0.550055 -0.467156  1.000000  0.224087 -0.376333
SBUX   0.013689  0.126701  0.031487  0.121627 -0.112617  0.041322  0.101355  ... -0.151867  0.296045  0.085755  0.138537  0.224087  1.000000  0.065873
AMD    0.709112  0.777733  0.871800  0.666371  0.737506  0.717901  0.826473  ...  0.424918  0.860366  0.745005  0.685591 -0.376333  0.065873  1.000000 

